-96: 170 140 255
-95: 178 134 255
-94: 186 128 255
-93: 194 122 255
-92: 202 116 255
-91: 210 110 255
-90: 218 126 254
-89: 226 142 253
-88: 234 158 252
-87: 242 174 251
-86: 250 190 250
-85: 242 184 234
-84: 234 178 218
-83: 226 172 202
-82: 218 166 186
-81: 210 160 170
-80: 168 134 138
-79: 146 108 106
-78: 124 82 74
-77: 102 56 42
-76: 80 30 10
-75: 96 25 21
-74: 112 20 32
-73: 128 15 44
-72: 144 10 55
-71: 160 5 67
-70: 165 17 69
-69: 170 29 71
-68: 175 41 73
-67: 180 53 75
-66: 185 65 77
-65: 190 77 79
-64: 195 74 76
-63: 200 71 73
-62: 205 68 70
-61: 210 65 67
-60: 215 62 64
-61: 220 78 68
-60: 225 94 73
-59: 230 110 78
-58: 235 126 83
-57: 240 142 88
-56: 245 158 93
-55: 250 174 98
-54: 250 184 105
-53: 250 194 112
-52: 250 204 119
-51: 250 214 126
-50: 250 224 133
-49: 250 234 140
-48: 250 244 147
-47: 250 254 154
-46: 247 252 161
-45: 244 250 168
-44: 241 248 175
-43: 238 246 182
-42: 235 244 189
-41: 232 242 196
-40: 223 238 198
-39: 214 234 200
-38: 205 230 202
-37: 196 226 204
-36: 187 222 206
-35: 178 218 208
-34: 169 214 210
-33: 160 210 212
-32: 155 204 212
-31: 150 198 212
-30: 145 1​92 212
-29: 140 186 212
-28: 135 180 212
-27: 130 174 212
-26: 125 168 212
-25: 120 162 212
-24: 115 156 212
-23: 110 150 212
-22: 105 144 212
-21: 100 138 212
-20: 95 132 212 
